12
9 1 1 1 1 1 1 1 1 1
10 1 2 2 2 2 3 3 1 3 1
5-4 1 1 1 1 1 1 1 1 3
1-1-7 1 1 1 1 2 1 1 3 1
1-1-7 1 1 2 1 3 2 1 2 1
8-3 1 1 2 1 2 1 2 1 1 1 1
10-1 1 2 2 1 1 1 2 2 2 3 1
12 1 2 2 1 1 1 1 1 1 3 1 1
10 1 2 2 2 2 2 2 2 2 2
11 1 1 2 1 1 1 1 1 2 1 1
11 1 1 2 1 1 1 2 1 2 1 1
5-3 1 1 2 2 1 1 1 1
7 1 1 1 1 1 1 1
2-7 1 1 1 2 2 2 1 1 1
12 1 2 1 1 1 2 2 2 2 1 1 1
3-7 1 2 1 1 1 1 2 2 2 2
12 1 2 1 1 2 2 1 1 2 1 1 2
2-9 1 2 1 1 1 1 1 2 1 1 1
11 1 3 1 2 3 2 2 1 2 1 1
12 1 3 1 1 2 1 2 1 2 1 2 1
5-6 1 1 1 1 1 2 1 2 1 1 1
12 1 3 3 3 2 1 3 3 2 2 2 1
2-3-1-2 1 1 1 1 1 1 1 1
3-2 1 1 1 1 1
